$ANSIBLE_VAULT;1.1;AES256
38663132643933613036393866366130643266633738343930653361373336353133363332616165
3030613533613636663864393061333564376363666237320a333565303361323137353162356531
63373530303263643763313164386266393335653234343438383633346634313262356136633838
3031313236363061330a353231353664373461663630353532376433643730343034653965656264
66326164643931386635306137633761373435636262313137323164666330356162623532396336
61313133376634656439363133373034613935656636636436653665343733373735323039396536
63373863636234663430323938633131336436393731323438653365396238326230653232653430
61356163623136633231626336393738346633316463396563623235303466383235333966653932
36613766656437343937643739626134396539663330393665343534356437363633306333613334
65633437316264643534623362343437373935646638356663353765393435393263323537346361
32626563623838333831333131646663653638363736393362316134306165636465386635363334
35323066333831353364633738323331643035643666616636353562333761623237633232623266
65623561626361623032333562623965333766613631376130646137626638623566643831363638
35646531336537333434303435393334373432353539326131623738653662646537306236663732
36356136663063366332343665356265323334313532643039353033396431663132303231343363
64666639393661356331613034613133396564363630383661626461323963303762373230393739
34613930393330373630383565626663663233633230623737333765633438336533623637643466
34666431663634663830306637393063333966316365333231336535343039313163653632306361
61346637366537616536366139636436653361616530613434386539616465386639383930333266
32393565376233653264356532363965356164626230663239306665623065373262383866633031
61393161646237303330383561383466303566636635353863333235396531333934626664353034
32336162613237653461343839376363646636643334326263303261653762656332636233633133
35393561616334663564353337363033633961303537356430353638313533306234396235633939
65376461386237316337346263653532333863636239356161373164383130656638383563343633
66366434626237323430646338313866316636633736383337343532343863326531306462623961
30643465356166316231633364643135383064626130633331356430633663386432653432373132
62333663303239306631353736356132636633653732303038373037373033343330376561363237
36386630353230303537316537613330353735343938333962613836653037666236663466636463
35643665356363393132396436646261373564666131383765623534663633383939303335616532
35653033346433323434656139653361656166363961656435323332316238613165376335366464
33333963656264636336326230666532393137613934396637383864643034633363343635323239
63346461363063313265383632663737656633383166313635393733353064636532386630313030
66303939333931393463363737323166326664386531613762623264396263653666363363663963
36326433376636623134663036613433323834333534366365313065303062383930633837336635
61663432653730396234373830313539353865366461643264643566343530373564346133666633
63373536646234303961656230626562303365383435616364336661616232633832373632633763
32303132326263343064313065393232636461623736626366333732323936336439313563303861
35393537373566333836633061656365333133316339333264316137303730353032613162373866
65366263393263303036323131616238626234363334356263396533666233346466613565303962
62653139636264303234323439373461376230663138313965613234373866623633663061396531
34623831653363316533346235343165613064626130616634366637646631316366336137353539
36343938613663613238633433326232373731396461373730643461663035333935643161363530
30306635383835663330383232343363653938363765373339343830663964393532656634643031
31313333313665313736396230656231336366336261656162303263666636373637616331363764
35386430343637376332623133643731306664373463633536386566656664323862396138613536
61623739326537653866363937326231383032626430353239636239633362613865653237363738
63363835316338633839326339306363353765363630623866316664616162353036653339393830
62356238653164316430626233316264623531346639363564336564303562373031353665303862
64303734346533623837363332326530373631303061646163636638396436333937646237613662
39346339383934303335353665356331343630303430653465633030623536666235316161343864
34353335303434363763376364333661363663343466663630623134336337393836333030666462
63653935346430616333333733346566616166393436313733343261343030663164306139393137
65613436363537333138626333303730396466326433323561396439326466373764303436333536
39613138646366653761633631306630383762616566643435643739353462313965393566303035
64353032643630313561613236646534336631306337393636653030656563356335653465623861
62653031373331373961366365316461316666386266353533396266356637343230623638363234
39326436333962373338613864653063306466393832623830376262353861326631663930616431
39303733353964333839343239666133336532333565363338613934353336336366333931623061
63323639313630393034306634326638313834313466326631356464346331633232656665353730
64356339306336313631643662613033333731373739336231326533663138646633396536363038
33316664396364303036326331353630663364373230373861613662346663326564376237396532
62633038313165356266323937396439653466666637343632653237363433666365643330376337
34383031383533306261613661656333373031393665313063323361363361303631306661383837
39303735383237343532653934313736306631623135333434613936376564373862633762333636
36393965386265616335316664663934663562373031336233353035363733356266653363363761
61353062313330386233643566383561393937626162616232356264313464636265653562343963
63306262653137343664383564313437666532636365646331653039393064323861663062326231
35373966343432396165386134363430303065663933373130333734626434376366316363323431
36623637363630633031626431386537356438383666396263313265616230633031613432353430
34376138333839353366396139653166616234616636623861623361363231633161383230666631
61613866393032393462393865363339303764633461666463376139303738333235393839653838
66376263343164346662373062376536383232326134376130373434306139323530623261636365
39316532373565616330393732636230303666383433656637376462616636376362343061623730
66613637383762633133333938336339353330383236626265356431316233313235336637303161
35313861383535353130356562663034323031303262303863373433653263663363346632613763
38333039316166363337373830636339313839376465376264636232336663663064633433356437
62636437373833303266363831306334666137303937393836373338373230393730366162633035
64643236383863373738623666646338653535393836613035393835323232313739613261656164
39373663313561353965613237343431633930346539343638353831616365303963616261373333
37643632643134313038626230396566396538316133393262313161636338356461333333616432
33646330663737626438633564396631623730303130666431623731333033323631386132363331
32353130376362363362333230383166623635613037333865653339366166383236306435373331
39343530636134613138373930633234353862333732633962653931633037663361613632393561
30326564616135336263656639643033646131633138303131626262356666313464663735346135
37393865663061303365636662633437316339356361383863343332623733363132643461626632
30373038383839353362356330656334656431613737316563373863623138343236393831316633
61393538363238663766633237613162303333653166313130353462643236373361303831316264
35373463623961383866616135373635663438653034383036333739363539363961383138323264
30616336663266306333326166656463633037313566376366393732663137383964303461636234
66643162366334323236313936393633663633646435356537303662363731313937363965393865
38346631393531336435313164616665393963386134643861373530316334356137636263616330
63653138303035623965376461303739643166653434383766663233306530333232323233306161
38623130383134323536623232663439383965323266623239336331303765656535326166356366
35303437363163303464383830333066353330323438393766623638313262303634373731663536
37386532313439373864663563613030373366663337656433306563356539346362333261653364
39353837363964353732383061363530363933383539383331363564393763646161393131623165
65366131633638353864626564306632373639613232623961303531663234326334633066343461
30653039646330346134326537633830303339323862396635363730646666626330333733626531
35666338356432666130656631313934323966326339343762313330373262633039376134373664
61346266313038346131346533323738393234323930393737396361363461326432323766663837
34623164653537346165616163653835353432373334613765386132626230306263366532656166
66323963396164366231646634656233613630616436393530613735373938653331366161386264
61626130623963396661356661326561353336383331636130343136336139353131643731313965
37316334633035333061636336346235343539613662396266633866633437636261643937323534
34386239343132663763343731346236353266643866363064613532656263626162366236326661
61653066363932376262316435646362323530666634663435623431633939346532333238663836
34373566333235393337386438383166323739353630643539343531383335353436373537363032
66633931646230333364396661663633386362633137366235346539383233666661646266306137
33656663363439333035636232376636343862333230633031313433363535646439313431326565
31306638616137643764336438646639396531613133333432636363663736303063303463636462
62363338613961393634373166303663626635386336616435326135316331363134336630663738
65646363363335303739396238323736666361613132353333376666313139346534303233306161
66633664636537383262383133313533303737653039613731323234316639643566306137343763
36646664653966303862343364343536356133653332363633663638343035633161313938383034
61633562666535313338343534393264313663373235626637303363386535333935313939343832
39653062396538316164653831376531373263346638346262633563343634306639313938643664
63306434643565323065343233366131616366383666393564363465343937663565386533343565
64636362353038326437666533383433393039613635616133353535383239666331373030396535
33336165663361363736663038353633633532343934383131303062663065653837316437323435
30616538623235363936326438633730373638306361623832643162316262633139616665396162
65306431366636653537323138663064323161366233663930363765643430386239343361306636
35303035653530373638346436643339303934353735656665313434323538326463343963316364
62623461373263346239363363386332666164353236613536643263393439386261313061393436
33326433353861326664663733663033333262383864333838333865353831396663326131663333
35353665366237666563393065343738343034353535623436363834633635383338663765623366
61373630643533356234656165613832353431363666663130636436303232666366656330616466
64613661663165366438663764346538636665363031383666366133343836363165616437623330
33343235633536343539643566656339346337316433633535306437626364623066343630316432
39626435303639626664306666643636396236383631346264366237663137303863
